// total size (3 + 3 + 2 * vertices)
288
// positions       // normals        // texture coords

// front
-0.5, -0.5, -0.5,  0.0,  0.0, -1.0,  0.0,  0.0,
 0.5, -0.5, -0.5,  0.0,  0.0, -1.0,  1.0,  0.0,
 0.5,  0.5, -0.5,  0.0,  0.0, -1.0,  1.0,  1.0,
 0.5,  0.5, -0.5,  0.0,  0.0, -1.0,  1.0,  1.0,
-0.5,  0.5, -0.5,  0.0,  0.0, -1.0,  0.0,  1.0,
-0.5, -0.5, -0.5,  0.0,  0.0, -1.0,  0.0,  0.0,

// back
-0.5, -0.5,  0.5,  0.0,  0.0,  1.0,  0.0,  0.0,
 0.5, -0.5,  0.5,  0.0,  0.0,  1.0,  1.0,  0.0,
 0.5,  0.5,  0.5,  0.0,  0.0,  1.0,  1.0,  1.0,
 0.5,  0.5,  0.5,  0.0,  0.0,  1.0,  1.0,  1.0,
-0.5,  0.5,  0.5,  0.0,  0.0,  1.0,  0.0,  1.0,
-0.5, -0.5,  0.5,  0.0,  0.0,  1.0,  0.0,  0.0,

// left
-0.5,  0.5,  0.5, -1.0,  0.0,  0.0,  1.0,  0.0,
-0.5,  0.5, -0.5, -1.0,  0.0,  0.0,  1.0,  1.0,
-0.5, -0.5, -0.5, -1.0,  0.0,  0.0,  0.0,  1.0,
-0.5, -0.5, -0.5, -1.0,  0.0,  0.0,  0.0,  1.0,
-0.5, -0.5,  0.5, -1.0,  0.0,  0.0,  0.0,  0.0,
-0.5,  0.5,  0.5, -1.0,  0.0,  0.0,  1.0,  0.0,

// right
 0.5,  0.5,  0.5,  1.0,  0.0,  0.0,  1.0,  0.0,
 0.5,  0.5, -0.5,  1.0,  0.0,  0.0,  1.0,  1.0,
 0.5, -0.5, -0.5,  1.0,  0.0,  0.0,  0.0,  1.0,
 0.5, -0.5, -0.5,  1.0,  0.0,  0.0,  0.0,  1.0,
 0.5, -0.5,  0.5,  1.0,  0.0,  0.0,  0.0,  0.0,
 0.5,  0.5,  0.5,  1.0,  0.0,  0.0,  1.0,  0.0,

// bottom
-0.5, -0.5, -0.5,  0.0, -1.0,  0.0,  0.0,  1.0,
 0.5, -0.5, -0.5,  0.0, -1.0,  0.0,  1.0,  1.0,
 0.5, -0.5,  0.5,  0.0, -1.0,  0.0,  1.0,  0.0,
 0.5, -0.5,  0.5,  0.0, -1.0,  0.0,  1.0,  0.0,
-0.5, -0.5,  0.5,  0.0, -1.0,  0.0,  0.0,  0.0,
-0.5, -0.5, -0.5,  0.0, -1.0,  0.0,  0.0,  1.0,

// top
-0.5,  0.5, -0.5,  0.0,  1.0,  0.0,  0.0,  1.0,
 0.5,  0.5, -0.5,  0.0,  1.0,  0.0,  1.0,  1.0,
 0.5,  0.5,  0.5,  0.0,  1.0,  0.0,  1.0,  0.0,
 0.5,  0.5,  0.5,  0.0,  1.0,  0.0,  1.0,  0.0,
-0.5,  0.5,  0.5,  0.0,  1.0,  0.0,  0.0,  0.0,
-0.5,  0.5, -0.5,  0.0,  1.0,  0.0,  0.0,  1.0